0
0.326086956521739
0.652173913043478
0.978260869565217
1.30434782608696
1.63043478260870
1.95652173913043
2.28260869565217
2.60869565217391
2.93478260869565
3.26086956521739
3.58695652173913
3.91304347826087
4.23913043478261
4.56521739130435
4.89130434782609
5.21739130434783
5.54347826086956
5.86956521739130
6.19565217391304
6.52173913043478
6.84782608695652
7.17391304347826
7.50000000000000
7.82608695652174
8.15217391304348
8.47826086956522
8.80434782608696
9.13043478260870
9.45652173913043
9.78260869565217
10.1086956521739
10.4347826086957
10.7608695652174
11.0869565217391
11.4130434782609
11.7391304347826
12.0652173913043
12.3913043478261
12.7173913043478
13.0434782608696
13.3695652173913
13.6956521739130
14.0217391304348
14.3478260869565
14.6739130434783
15.0000000000000
15.3260869565217
15.6521739130435
15.9782608695652
16.3043478260870
16.6304347826087
16.9565217391304
17.2826086956522
17.6086956521739
17.9347826086957
18.2608695652174
18.5869565217391
18.9130434782609
19.2391304347826
19.5652173913043
19.8913043478261
20.2173913043478
20.5434782608696
20.8695652173913
21.1956521739130
21.5217391304348
21.8478260869565
22.1739130434783
22.5000000000000
22.8260869565217
23.1521739130435
23.4782608695652
23.8043478260870
24.1304347826087
24.4565217391304
24.7826086956522
25.1086956521739
25.4347826086957
25.7608695652174
26.0869565217391
26.4130434782609
26.7391304347826
27.0652173913043
27.3913043478261
27.7173913043478
28.0434782608696
28.3695652173913
28.6956521739130
29.0217391304348
29.3478260869565
29.6739130434783
30.0000000000000
30.3260869565217
30.6521739130435
30.9782608695652
31.3043478260870
31.6304347826087
31.9565217391304
32.2826086956522
32.6086956521739
32.9347826086957
33.2608695652174
33.5869565217391
33.9130434782609
34.2391304347826
34.5652173913043
34.8913043478261
35.2173913043478
35.5434782608696
35.8695652173913
36.1956521739130
36.5217391304348
36.8478260869565
37.1739130434783
37.5000000000000
37.8260869565217
38.1521739130435
38.4782608695652
38.8043478260870
39.1304347826087
39.4565217391304
39.7826086956522
40.1086956521739
40.4347826086957
40.7608695652174
41.0869565217391
41.4130434782609
41.7391304347826
42.0652173913043
42.3913043478261
42.7173913043478
43.0434782608696
43.3695652173913
43.6956521739130
44.0217391304348
44.3478260869565
44.6739130434783
45
45.3260869565217
45.6521739130435
45.9782608695652
46.3043478260870
46.6304347826087
46.9565217391304
47.2826086956522
47.6086956521739
47.9347826086957
48.2608695652174
48.5869565217391
48.9130434782609
49.2391304347826
49.5652173913043
49.8913043478261
50.2173913043478
50.5434782608696
50.8695652173913
51.1956521739130
51.5217391304348
51.8478260869565
52.1739130434783
52.5000000000000
52.8260869565217
53.1521739130435
53.4782608695652
53.8043478260870
54.1304347826087
54.4565217391304
54.7826086956522
55.1086956521739
55.4347826086957
55.7608695652174
56.0869565217391
56.4130434782609
56.7391304347826
57.0652173913043
57.3913043478261
57.7173913043478
58.0434782608696
58.3695652173913
58.6956521739130
59.0217391304348
59.3478260869565
59.6739130434783
60.0000000000000
60.3260869565217
60.6521739130435
60.9782608695652
61.3043478260870
61.6304347826087
61.9565217391304
62.2826086956522
62.6086956521739
62.9347826086957
63.2608695652174
63.5869565217391
63.9130434782609
64.2391304347826
64.5652173913043
64.8913043478261
65.2173913043478
65.5434782608696
65.8695652173913
66.1956521739130
66.5217391304348
66.8478260869565
67.1739130434783
67.5000000000000
67.8260869565217
68.1521739130435
68.4782608695652
68.8043478260870
69.1304347826087
69.4565217391304
69.7826086956522
70.1086956521739
70.4347826086956
70.7608695652174
71.0869565217391
71.4130434782609
71.7391304347826
72.0652173913043
72.3913043478261
72.7173913043478
73.0434782608696
73.3695652173913
73.6956521739130
74.0217391304348
74.3478260869565
74.6739130434783
75
75.3260869565217
75.6521739130435
75.9782608695652
76.3043478260870
76.6304347826087
76.9565217391304
77.2826086956522
77.6086956521739
77.9347826086956
78.2608695652174
78.5869565217391
78.9130434782609
79.2391304347826
79.5652173913043
79.8913043478261
80.2173913043478
80.5434782608696
80.8695652173913
81.1956521739130
81.5217391304348
81.8478260869565
82.1739130434783
82.5000000000000
82.8260869565217
83.1521739130435
83.4782608695652
83.8043478260870
84.1304347826087
84.4565217391304
84.7826086956522
85.1086956521739
85.4347826086956
85.7608695652174
86.0869565217391
86.4130434782609
86.7391304347826
87.0652173913043
87.3913043478261
87.7173913043478
88.0434782608696
88.3695652173913
88.6956521739130
89.0217391304348
89.3478260869565
89.6739130434783
90
90.3260869565217
90.6521739130435
90.9782608695652
91.3043478260870
91.6304347826087
91.9565217391304
92.2826086956522
92.6086956521739
92.9347826086956
93.2608695652174
93.5869565217391
93.9130434782609
94.2391304347826
94.5652173913043
94.8913043478261
95.2173913043478
95.5434782608696
95.8695652173913
96.1956521739130
96.5217391304348
96.8478260869565
97.1739130434783
97.5000000000000
97.8260869565217
98.1521739130435
98.4782608695652
98.8043478260870
99.1304347826087
99.4565217391304
99.7826086956522
100.108695652174
100.434782608696
100.760869565217
101.086956521739
101.413043478261
101.739130434783
102.065217391304
102.391304347826
102.717391304348
103.043478260870
103.369565217391
103.695652173913
104.021739130435
104.347826086957
104.673913043478
105
105.326086956522
105.652173913043
105.978260869565
106.304347826087
106.630434782609
106.956521739130
107.282608695652
107.608695652174
107.934782608696
108.260869565217
108.586956521739
108.913043478261
109.239130434783
109.565217391304
109.891304347826
110.217391304348
110.543478260870
110.869565217391
111.195652173913
111.521739130435
111.847826086957
112.173913043478
112.500000000000
112.826086956522
113.152173913043
113.478260869565
113.804347826087
114.130434782609
114.456521739130
114.782608695652
115.108695652174
115.434782608696
115.760869565217
116.086956521739
116.413043478261
116.739130434783
117.065217391304
117.391304347826
117.717391304348
118.043478260870
118.369565217391
118.695652173913
119.021739130435
119.347826086957
119.673913043478
120.000000000000
120.326086956522
120.652173913043
120.978260869565
121.304347826087
121.630434782609
121.956521739130
122.282608695652
122.608695652174
122.934782608696
123.260869565217
123.586956521739
123.913043478261
124.239130434783
124.565217391304
124.891304347826
125.217391304348
125.543478260870
125.869565217391
126.195652173913
126.521739130435
126.847826086957
127.173913043478
127.500000000000
127.826086956522
128.152173913043
128.478260869565
128.804347826087
129.130434782609
129.456521739130
129.782608695652
130.108695652174
130.434782608696
130.760869565217
131.086956521739
131.413043478261
131.739130434783
132.065217391304
132.391304347826
132.717391304348
133.043478260870
133.369565217391
133.695652173913
134.021739130435
134.347826086957
134.673913043478
135
135.326086956522
135.652173913043
135.978260869565
136.304347826087
136.630434782609
136.956521739130
137.282608695652
137.608695652174
137.934782608696
138.260869565217
138.586956521739
138.913043478261
139.239130434783
139.565217391304
139.891304347826
140.217391304348
140.543478260870
140.869565217391
141.195652173913
141.521739130435
141.847826086957
142.173913043478
142.500000000000
142.826086956522
143.152173913043
143.478260869565
143.804347826087
144.130434782609
144.456521739130
144.782608695652
145.108695652174
145.434782608696
145.760869565217
146.086956521739
146.413043478261
146.739130434783
147.065217391304
147.391304347826
147.717391304348
148.043478260870
148.369565217391
148.695652173913
149.021739130435
149.347826086957
149.673913043478
150
150.326086956522
150.652173913043
150.978260869565
151.304347826087
151.630434782609
151.956521739130
152.282608695652
152.608695652174
152.934782608696
153.260869565217
153.586956521739
153.913043478261
154.239130434783
154.565217391304
154.891304347826
155.217391304348
155.543478260870
155.869565217391
156.195652173913
156.521739130435
156.847826086957
157.173913043478
157.500000000000
157.826086956522
158.152173913043
158.478260869565
158.804347826087
159.130434782609
159.456521739130
159.782608695652
160.108695652174
160.434782608696
160.760869565217
161.086956521739
161.413043478261
161.739130434783
162.065217391304
162.391304347826
162.717391304348
163.043478260870
163.369565217391
163.695652173913
164.021739130435
164.347826086957
164.673913043478
165
165.326086956522
165.652173913043
165.978260869565
166.304347826087
166.630434782609
166.956521739130
167.282608695652
167.608695652174
167.934782608696
168.260869565217
168.586956521739
168.913043478261
169.239130434783
169.565217391304
169.891304347826
170.217391304348
170.543478260870
170.869565217391
171.195652173913
171.521739130435
171.847826086957
172.173913043478
172.500000000000
172.826086956522
173.152173913043
173.478260869565
173.804347826087
174.130434782609
174.456521739130
174.782608695652
175.108695652174
175.434782608696
175.760869565217
176.086956521739
176.413043478261
176.739130434783
177.065217391304
177.391304347826
177.717391304348
178.043478260870
178.369565217391
178.695652173913
179.021739130435
179.347826086957
179.673913043478
180
180.326086956522
180.652173913043
180.978260869565
181.304347826087
181.630434782609
181.956521739130
182.282608695652
182.608695652174
182.934782608696
183.260869565217
183.586956521739
183.913043478261
184.239130434783
184.565217391304
184.891304347826
185.217391304348
185.543478260870
185.869565217391
186.195652173913
186.521739130435
186.847826086957
187.173913043478
187.500000000000
187.826086956522
188.152173913043
188.478260869565
188.804347826087
189.130434782609
189.456521739130
189.782608695652
190.108695652174
190.434782608696
190.760869565217
191.086956521739
191.413043478261
191.739130434783
192.065217391304
192.391304347826
192.717391304348
193.043478260870
193.369565217391
193.695652173913
194.021739130435
194.347826086957
194.673913043478
195
195.326086956522
195.652173913043
195.978260869565
196.304347826087
196.630434782609
196.956521739130
197.282608695652
197.608695652174
197.934782608696
198.260869565217
198.586956521739
198.913043478261
199.239130434783
199.565217391304
199.891304347826
200.217391304348
200.543478260870
200.869565217391
201.195652173913
201.521739130435
201.847826086957
202.173913043478
202.500000000000
202.826086956522
203.152173913043
203.478260869565
203.804347826087
204.130434782609
204.456521739130
204.782608695652
205.108695652174
205.434782608696
205.760869565217
206.086956521739
206.413043478261
206.739130434783
207.065217391304
207.391304347826
207.717391304348
208.043478260870
208.369565217391
208.695652173913
209.021739130435
209.347826086957
209.673913043478
210
210.326086956522
210.652173913043
210.978260869565
211.304347826087
211.630434782609
211.956521739130
212.282608695652
212.608695652174
212.934782608696
213.260869565217
213.586956521739
213.913043478261
214.239130434783
214.565217391304
214.891304347826
215.217391304348
215.543478260870
215.869565217391
216.195652173913
216.521739130435
216.847826086957
217.173913043478
217.500000000000
217.826086956522
218.152173913043
218.478260869565
218.804347826087
219.130434782609
219.456521739130
219.782608695652
220.108695652174
220.434782608696
220.760869565217
221.086956521739
221.413043478261
221.739130434783
222.065217391304
222.391304347826
222.717391304348
223.043478260870
223.369565217391
223.695652173913
224.021739130435
224.347826086957
224.673913043478
225.000000000000
225.326086956522
225.652173913043
225.978260869565
226.304347826087
226.630434782609
226.956521739130
227.282608695652
227.608695652174
227.934782608696
228.260869565217
228.586956521739
228.913043478261
229.239130434783
229.565217391304
229.891304347826
230.217391304348
230.543478260870
230.869565217391
231.195652173913
231.521739130435
231.847826086957
232.173913043478
232.500000000000
232.826086956522
233.152173913043
233.478260869565
233.804347826087
234.130434782609
234.456521739130
234.782608695652
235.108695652174
235.434782608696
235.760869565217
236.086956521739
236.413043478261
236.739130434783
237.065217391304
237.391304347826
237.717391304348
238.043478260870
238.369565217391
238.695652173913
239.021739130435
239.347826086957
239.673913043478
240.000000000000
240.326086956522
240.652173913043
240.978260869565
241.304347826087
241.630434782609
241.956521739130
242.282608695652
242.608695652174
242.934782608696
243.260869565217
243.586956521739
243.913043478261
244.239130434783
244.565217391304
244.891304347826
245.217391304348
245.543478260870
245.869565217391
246.195652173913
246.521739130435
246.847826086957
247.173913043478
247.500000000000
247.826086956522
248.152173913043
248.478260869565
248.804347826087
249.130434782609
249.456521739130
249.782608695652
250.108695652174
250.434782608696
250.760869565217
251.086956521739
251.413043478261
251.739130434783
252.065217391304
252.391304347826
252.717391304348
253.043478260870
253.369565217391
253.695652173913
254.021739130435
254.347826086957
254.673913043478
255.000000000000
255.326086956522
255.652173913043
255.978260869565
256.304347826087
256.630434782609
256.956521739130
257.282608695652
257.608695652174
257.934782608696
258.260869565217
258.586956521739
258.913043478261
259.239130434783
259.565217391304
259.891304347826
260.217391304348
260.543478260870
260.869565217391
261.195652173913
261.521739130435
261.847826086957
262.173913043478
262.500000000000
262.826086956522
263.152173913043
263.478260869565
263.804347826087
264.130434782609
264.456521739130
264.782608695652
265.108695652174
265.434782608696
265.760869565217
266.086956521739
266.413043478261
266.739130434783
267.065217391304
267.391304347826
267.717391304348
268.043478260870
268.369565217391
268.695652173913
269.021739130435
269.347826086957
269.673913043478
270
270.326086956522
270.652173913043
270.978260869565
271.304347826087
271.630434782609
271.956521739130
272.282608695652
272.608695652174
272.934782608696
273.260869565217
273.586956521739
273.913043478261
274.239130434783
274.565217391304
274.891304347826
275.217391304348
275.543478260870
275.869565217391
276.195652173913
276.521739130435
276.847826086957
277.173913043478
277.500000000000
277.826086956522
278.152173913043
278.478260869565
278.804347826087
279.130434782609
279.456521739130
279.782608695652
280.108695652174
280.434782608696
280.760869565217
281.086956521739
281.413043478261
281.739130434783
282.065217391304
282.391304347826
282.717391304348
283.043478260870
283.369565217391
283.695652173913
284.021739130435
284.347826086957
284.673913043478
285
285.326086956522
285.652173913043
285.978260869565
286.304347826087
286.630434782609
286.956521739130
287.282608695652
287.608695652174
287.934782608696
288.260869565217
288.586956521739
288.913043478261
289.239130434783
289.565217391304
289.891304347826
290.217391304348
290.543478260870
290.869565217391
291.195652173913
291.521739130435
291.847826086957
292.173913043478
292.500000000000
292.826086956522
293.152173913043
293.478260869565
293.804347826087
294.130434782609
294.456521739130
294.782608695652
295.108695652174
295.434782608696
295.760869565217
296.086956521739
296.413043478261
296.739130434783
297.065217391304
297.391304347826
297.717391304348
298.043478260870
298.369565217391
298.695652173913
299.021739130435
299.347826086957
299.673913043478
300
300.326086956522
300.652173913043
300.978260869565
301.304347826087
301.630434782609
301.956521739130
302.282608695652
302.608695652174
302.934782608696
303.260869565217
303.586956521739
303.913043478261
304.239130434783
304.565217391304
304.891304347826
305.217391304348
305.543478260870
305.869565217391
306.195652173913
306.521739130435
306.847826086957
307.173913043478
307.500000000000
307.826086956522
308.152173913043
308.478260869565
308.804347826087
309.130434782609
309.456521739130
309.782608695652
310.108695652174
310.434782608696
310.760869565217
311.086956521739
311.413043478261
311.739130434783
312.065217391304
312.391304347826
312.717391304348
313.043478260870
313.369565217391
313.695652173913
314.021739130435
314.347826086957
314.673913043478
315
315.326086956522
315.652173913043
315.978260869565
316.304347826087
316.630434782609
316.956521739130
317.282608695652
317.608695652174
317.934782608696
318.260869565217
318.586956521739
318.913043478261
319.239130434783
319.565217391304
319.891304347826
320.217391304348
320.543478260870
320.869565217391
321.195652173913
321.521739130435
321.847826086957
322.173913043478
322.500000000000
322.826086956522
323.152173913043
323.478260869565
323.804347826087
324.130434782609
324.456521739130
324.782608695652
325.108695652174
325.434782608696
325.760869565217
326.086956521739
326.413043478261
326.739130434783
327.065217391304
327.391304347826
327.717391304348
328.043478260870
328.369565217391
328.695652173913
329.021739130435
329.347826086957
329.673913043478
330
330.326086956522
330.652173913043
330.978260869565
331.304347826087
331.630434782609
331.956521739130
332.282608695652
332.608695652174
332.934782608696
333.260869565217
333.586956521739
333.913043478261
334.239130434783
334.565217391304
334.891304347826
335.217391304348
335.543478260870
335.869565217391
336.195652173913
336.521739130435
336.847826086957
337.173913043478
337.500000000000
337.826086956522
338.152173913043
338.478260869565
338.804347826087
339.130434782609
339.456521739130
339.782608695652
340.108695652174
340.434782608696
340.760869565217
341.086956521739
341.413043478261
341.739130434783
342.065217391304
342.391304347826
342.717391304348
343.043478260870
343.369565217391
343.695652173913
344.021739130435
344.347826086957
344.673913043478
345
345.326086956522
345.652173913043
345.978260869565
346.304347826087
346.630434782609
346.956521739130
347.282608695652
347.608695652174
347.934782608696
348.260869565217
348.586956521739
348.913043478261
349.239130434783
349.565217391304
349.891304347826
350.217391304348
350.543478260870
350.869565217391
351.195652173913
351.521739130435
351.847826086957
352.173913043478
352.500000000000
352.826086956522
353.152173913043
353.478260869565
353.804347826087
354.130434782609
354.456521739130
354.782608695652
355.108695652174
355.434782608696
355.760869565217
356.086956521739
356.413043478261
356.739130434783
357.065217391304
357.391304347826
357.717391304348
358.043478260870
358.369565217391
358.695652173913
359.021739130435
359.347826086957
359.673913043478
360
360.326086956522
360.652173913043
360.978260869565
361.304347826087
361.630434782609
361.956521739130
362.282608695652
362.608695652174
362.934782608696
363.260869565217
363.586956521739
363.913043478261
364.239130434783
364.565217391304
364.891304347826
365.217391304348
365.543478260870
365.869565217391
366.195652173913
366.521739130435
366.847826086957
367.173913043478
367.500000000000
367.826086956522
368.152173913043
368.478260869565
368.804347826087
369.130434782609
369.456521739130
369.782608695652
370.108695652174
370.434782608696
370.760869565217
371.086956521739
371.413043478261
371.739130434783
372.065217391304
372.391304347826
372.717391304348
373.043478260870
373.369565217391
373.695652173913
374.021739130435
374.347826086957
374.673913043478
375
375.326086956522
375.652173913043
375.978260869565
376.304347826087
376.630434782609
376.956521739130
377.282608695652
377.608695652174
377.934782608696
378.260869565217
378.586956521739
378.913043478261
379.239130434783
379.565217391304
379.891304347826
380.217391304348
380.543478260870
380.869565217391
381.195652173913
381.521739130435
381.847826086957
382.173913043478
382.500000000000
382.826086956522
383.152173913043
383.478260869565
383.804347826087
384.130434782609
384.456521739130
384.782608695652
385.108695652174
385.434782608696
385.760869565217
386.086956521739
386.413043478261
386.739130434783
387.065217391304
387.391304347826
387.717391304348
388.043478260870
388.369565217391
388.695652173913
389.021739130435
389.347826086957
389.673913043478
390
390.326086956522
390.652173913043
390.978260869565
391.304347826087
391.630434782609
391.956521739130
392.282608695652
392.608695652174
392.934782608696
393.260869565217
393.586956521739
393.913043478261
394.239130434783
394.565217391304
394.891304347826
395.217391304348
395.543478260870
395.869565217391
396.195652173913
396.521739130435
396.847826086957
397.173913043478
397.500000000000
397.826086956522
398.152173913043
398.478260869565
398.804347826087
399.130434782609
399.456521739130
399.782608695652
400.108695652174
400.434782608696
400.760869565217
401.086956521739
401.413043478261
401.739130434783
402.065217391304
402.391304347826
402.717391304348
403.043478260870
403.369565217391
403.695652173913
404.021739130435
404.347826086957
404.673913043478
405
405.326086956522
405.652173913043
405.978260869565
406.304347826087
406.630434782609
406.956521739130
407.282608695652
407.608695652174
407.934782608696
408.260869565217
408.586956521739
408.913043478261
409.239130434783
409.565217391304
409.891304347826
410.217391304348
410.543478260870
410.869565217391
411.195652173913
411.521739130435
411.847826086957
412.173913043478
412.500000000000
412.826086956522
413.152173913043
413.478260869565
413.804347826087
414.130434782609
414.456521739130
414.782608695652
415.108695652174
415.434782608696
415.760869565217
416.086956521739
416.413043478261
416.739130434783
417.065217391304
417.391304347826
417.717391304348
418.043478260870
418.369565217391
418.695652173913
419.021739130435
419.347826086957
419.673913043478
420
420.326086956522
420.652173913043
420.978260869565
421.304347826087
421.630434782609
421.956521739130
422.282608695652
422.608695652174
422.934782608696
423.260869565217
423.586956521739
423.913043478261
424.239130434783
424.565217391304
424.891304347826
425.217391304348
425.543478260870
425.869565217391
426.195652173913
426.521739130435
426.847826086957
427.173913043478
427.500000000000
427.826086956522
428.152173913043
428.478260869565
428.804347826087
429.130434782609
429.456521739130
429.782608695652
430.108695652174
430.434782608696
430.760869565217
431.086956521739
431.413043478261
431.739130434783
432.065217391304
432.391304347826
432.717391304348
433.043478260870
433.369565217391
433.695652173913
434.021739130435
434.347826086957
434.673913043478
435.000000000000
435.326086956522
435.652173913043
435.978260869565
436.304347826087
436.630434782609
436.956521739130
437.282608695652
437.608695652174
437.934782608696
438.260869565217
438.586956521739
438.913043478261
439.239130434783
439.565217391304
439.891304347826
440.217391304348
440.543478260870
440.869565217391
441.195652173913
441.521739130435
441.847826086957
442.173913043478
442.500000000000
442.826086956522
443.152173913043
443.478260869565
443.804347826087
444.130434782609
444.456521739130
444.782608695652
445.108695652174
445.434782608696
445.760869565217
446.086956521739
446.413043478261
446.739130434783
447.065217391304
447.391304347826
447.717391304348
448.043478260870
448.369565217391
448.695652173913
449.021739130435
449.347826086957
449.673913043478
450.000000000000
450.326086956522
450.652173913043
450.978260869565
451.304347826087
451.630434782609
451.956521739130
452.282608695652
452.608695652174
452.934782608696
453.260869565217
453.586956521739
453.913043478261
454.239130434783
454.565217391304
454.891304347826
455.217391304348
455.543478260870
455.869565217391
456.195652173913
456.521739130435
456.847826086957
457.173913043478
457.500000000000
457.826086956522
458.152173913043
458.478260869565
458.804347826087
459.130434782609
459.456521739130
459.782608695652
460.108695652174
460.434782608696
460.760869565217
461.086956521739
461.413043478261
461.739130434783
462.065217391304
462.391304347826
462.717391304348
463.043478260870
463.369565217391
463.695652173913
464.021739130435
464.347826086957
464.673913043478
465.000000000000
465.326086956522
465.652173913043
465.978260869565
466.304347826087
466.630434782609
466.956521739130
467.282608695652
467.608695652174
467.934782608696
468.260869565217
468.586956521739
468.913043478261
469.239130434783
469.565217391304
469.891304347826
470.217391304348
470.543478260870
470.869565217391
471.195652173913
471.521739130435
471.847826086957
472.173913043478
472.500000000000
472.826086956522
473.152173913043
473.478260869565
473.804347826087
474.130434782609
474.456521739130
474.782608695652
475.108695652174
475.434782608696
475.760869565217
476.086956521739
476.413043478261
476.739130434783
477.065217391304
477.391304347826
477.717391304348
478.043478260870
478.369565217391
478.695652173913
479.021739130435
479.347826086957
479.673913043478
480.000000000000
480.326086956522
480.652173913043
480.978260869565
481.304347826087
481.630434782609
481.956521739130
482.282608695652
482.608695652174
482.934782608696
483.260869565217
483.586956521739
483.913043478261
484.239130434783
484.565217391304
484.891304347826
485.217391304348
485.543478260870
485.869565217391
486.195652173913
486.521739130435
486.847826086957
487.173913043478
487.500000000000
487.826086956522
488.152173913043
488.478260869565
488.804347826087
489.130434782609
489.456521739130
489.782608695652
490.108695652174
490.434782608696
490.760869565217
491.086956521739
491.413043478261
491.739130434783
492.065217391304
492.391304347826
492.717391304348
493.043478260870
493.369565217391
493.695652173913
494.021739130435
494.347826086957
494.673913043478
495.000000000000
495.326086956522
495.652173913043
495.978260869565
496.304347826087
496.630434782609
496.956521739130
497.282608695652
497.608695652174
497.934782608696
498.260869565217
498.586956521739
498.913043478261
499.239130434783
499.565217391304
499.891304347826
500.217391304348
500.543478260870
500.869565217391
501.195652173913
501.521739130435
501.847826086957
502.173913043478
502.500000000000
502.826086956522
503.152173913043
503.478260869565
503.804347826087
504.130434782609
504.456521739130
504.782608695652
505.108695652174
505.434782608696
505.760869565217
506.086956521739
506.413043478261
506.739130434783
507.065217391304
507.391304347826
507.717391304348
508.043478260870
508.369565217391
508.695652173913
509.021739130435
509.347826086957
509.673913043478
510.000000000000
510.326086956522
510.652173913043
510.978260869565
511.304347826087
511.630434782609
511.956521739130
512.282608695652
512.608695652174
512.934782608696
513.260869565217
513.586956521739
513.913043478261
514.239130434783
514.565217391304
514.891304347826
515.217391304348
515.543478260870
515.869565217391
516.195652173913
516.521739130435
516.847826086957
517.173913043478
517.500000000000
517.826086956522
518.152173913044
518.478260869565
518.804347826087
519.130434782609
519.456521739130
519.782608695652
520.108695652174
520.434782608696
520.760869565217
521.086956521739
521.413043478261
521.739130434783
522.065217391304
522.391304347826
522.717391304348
523.043478260870
523.369565217391
523.695652173913
524.021739130435
524.347826086957
524.673913043478
525
525.326086956522
525.652173913044
525.978260869565
526.304347826087
526.630434782609
526.956521739130
527.282608695652
527.608695652174
527.934782608696
528.260869565217
528.586956521739
528.913043478261
529.239130434783
529.565217391304
529.891304347826
530.217391304348
530.543478260870
530.869565217391
531.195652173913
531.521739130435
531.847826086957
532.173913043478
532.500000000000
532.826086956522
533.152173913044
533.478260869565
533.804347826087
534.130434782609
534.456521739130
534.782608695652
535.108695652174
535.434782608696
535.760869565217
536.086956521739
536.413043478261
536.739130434783
537.065217391304
537.391304347826
537.717391304348
538.043478260870
538.369565217391
538.695652173913
539.021739130435
539.347826086957
539.673913043478
540
540.326086956522
540.652173913044
540.978260869565
541.304347826087
541.630434782609
541.956521739130
542.282608695652
542.608695652174
542.934782608696
543.260869565217
543.586956521739
543.913043478261
544.239130434783
544.565217391304
544.891304347826
545.217391304348
545.543478260870
545.869565217391
546.195652173913
546.521739130435
546.847826086957
547.173913043478
547.500000000000
547.826086956522
548.152173913044
548.478260869565
548.804347826087
549.130434782609
549.456521739130
549.782608695652
550.108695652174
550.434782608696
550.760869565217
551.086956521739
551.413043478261
551.739130434783
552.065217391304
552.391304347826
552.717391304348
553.043478260870
553.369565217391
553.695652173913
554.021739130435
554.347826086957
554.673913043478
555
555.326086956522
555.652173913043
555.978260869565
556.304347826087
556.630434782609
556.956521739130
557.282608695652
557.608695652174
557.934782608696
558.260869565217
558.586956521739
558.913043478261
559.239130434783
559.565217391304
559.891304347826
560.217391304348
560.543478260870
560.869565217391
561.195652173913
561.521739130435
561.847826086957
562.173913043478
562.500000000000
562.826086956522
563.152173913043
563.478260869565
563.804347826087
564.130434782609
564.456521739130
564.782608695652
565.108695652174
565.434782608696
565.760869565217
566.086956521739
566.413043478261
566.739130434783
567.065217391304
567.391304347826
567.717391304348
568.043478260870
568.369565217391
568.695652173913
569.021739130435
569.347826086957
569.673913043478
570
570.326086956522
570.652173913043
570.978260869565
571.304347826087
571.630434782609
571.956521739130
572.282608695652
572.608695652174
572.934782608696
573.260869565217
573.586956521739
573.913043478261
574.239130434783
574.565217391304
574.891304347826
575.217391304348
575.543478260870
575.869565217391
576.195652173913
576.521739130435
576.847826086957
577.173913043478
577.500000000000
577.826086956522
578.152173913043
578.478260869565
578.804347826087
579.130434782609
579.456521739130
579.782608695652
580.108695652174
580.434782608696
580.760869565217
581.086956521739
581.413043478261
581.739130434783
582.065217391304
582.391304347826
582.717391304348
583.043478260870
583.369565217391
583.695652173913
584.021739130435
584.347826086957
584.673913043478
585
585.326086956522
585.652173913043
585.978260869565
586.304347826087
586.630434782609
586.956521739130
587.282608695652
587.608695652174
587.934782608696
588.260869565217
588.586956521739
588.913043478261
589.239130434783
589.565217391304
589.891304347826
590.217391304348
590.543478260870
590.869565217391
591.195652173913
591.521739130435
591.847826086957
592.173913043478
592.500000000000
592.826086956522
593.152173913043
593.478260869565
593.804347826087
594.130434782609
594.456521739130
594.782608695652
595.108695652174
595.434782608696
595.760869565217
596.086956521739
596.413043478261
596.739130434783
597.065217391304
597.391304347826
597.717391304348
598.043478260870
598.369565217391
598.695652173913
599.021739130435
599.347826086957
599.673913043478
600
600.326086956522
600.652173913043
600.978260869565
601.304347826087
601.630434782609
601.956521739130
602.282608695652
602.608695652174
602.934782608696
603.260869565217
603.586956521739
603.913043478261
604.239130434783
604.565217391304
604.891304347826
605.217391304348
605.543478260870
605.869565217391
606.195652173913
606.521739130435
606.847826086957
607.173913043478
607.500000000000
607.826086956522
608.152173913043
608.478260869565
608.804347826087
609.130434782609
609.456521739130
609.782608695652
610.108695652174
610.434782608696
610.760869565217
611.086956521739
611.413043478261
611.739130434783
612.065217391304
612.391304347826
612.717391304348
613.043478260870
613.369565217391
613.695652173913
614.021739130435
614.347826086957
614.673913043478
615
615.326086956522
615.652173913043
615.978260869565
616.304347826087
616.630434782609
616.956521739130
617.282608695652
617.608695652174
617.934782608696
618.260869565217
618.586956521739
618.913043478261
619.239130434783
619.565217391304
619.891304347826
620.217391304348
620.543478260870
620.869565217391
621.195652173913
621.521739130435
621.847826086957
622.173913043478
622.500000000000
622.826086956522
623.152173913043
623.478260869565
623.804347826087
624.130434782609
624.456521739130
624.782608695652
625.108695652174
625.434782608696
625.760869565217
626.086956521739
626.413043478261
626.739130434783
627.065217391304
627.391304347826
627.717391304348
628.043478260870
628.369565217391
628.695652173913
629.021739130435
629.347826086957
629.673913043478
630
630.326086956522
630.652173913043
630.978260869565
631.304347826087
631.630434782609
631.956521739130
632.282608695652
632.608695652174
632.934782608696
633.260869565217
633.586956521739
633.913043478261
634.239130434783
634.565217391304
634.891304347826
635.217391304348
635.543478260870
635.869565217391
636.195652173913
636.521739130435
636.847826086957
637.173913043478
637.500000000000
637.826086956522
638.152173913043
638.478260869565
638.804347826087
639.130434782609
639.456521739130
639.782608695652
640.108695652174
640.434782608696
640.760869565217
641.086956521739
641.413043478261
641.739130434783
642.065217391304
642.391304347826
642.717391304348
643.043478260870
643.369565217391
643.695652173913
644.021739130435
644.347826086957
644.673913043478
645
645.326086956522
645.652173913043
645.978260869565
646.304347826087
646.630434782609
646.956521739130
647.282608695652
647.608695652174
647.934782608696
648.260869565217
648.586956521739
648.913043478261
649.239130434783
649.565217391304
649.891304347826
650.217391304348
650.543478260870
650.869565217391
651.195652173913
651.521739130435
651.847826086957
652.173913043478
652.500000000000
652.826086956522
653.152173913043
653.478260869565
653.804347826087
654.130434782609
654.456521739130
654.782608695652
655.108695652174
655.434782608696
655.760869565217
656.086956521739
656.413043478261
656.739130434783
657.065217391304
657.391304347826
657.717391304348
658.043478260870
658.369565217391
658.695652173913
659.021739130435
659.347826086957
659.673913043478
660
660.326086956522
660.652173913043
660.978260869565
661.304347826087
661.630434782609
661.956521739130
662.282608695652
662.608695652174
662.934782608696
663.260869565217
663.586956521739
663.913043478261
664.239130434783
664.565217391304
664.891304347826
665.217391304348
665.543478260870
665.869565217391
666.195652173913
666.521739130435
666.847826086957
667.173913043478
667.500000000000
667.826086956522
668.152173913043
668.478260869565
668.804347826087
669.130434782609
669.456521739130
669.782608695652
670.108695652174
670.434782608696
670.760869565217
671.086956521739
671.413043478261
671.739130434783
672.065217391304
672.391304347826
672.717391304348
673.043478260870
673.369565217391
673.695652173913
674.021739130435
674.347826086957
674.673913043478
675
675.326086956522
675.652173913043
675.978260869565
676.304347826087
676.630434782609
676.956521739130
677.282608695652
677.608695652174
677.934782608696
678.260869565217
678.586956521739
678.913043478261
679.239130434783
679.565217391304
679.891304347826
680.217391304348
680.543478260870
680.869565217391
681.195652173913
681.521739130435
681.847826086957
682.173913043478
682.500000000000
682.826086956522
683.152173913043
683.478260869565
683.804347826087
684.130434782609
684.456521739130
684.782608695652
685.108695652174
685.434782608696
685.760869565217
686.086956521739
686.413043478261
686.739130434783
687.065217391304
687.391304347826
687.717391304348
688.043478260870
688.369565217391
688.695652173913
689.021739130435
689.347826086957
689.673913043478
690
690.326086956522
690.652173913043
690.978260869565
691.304347826087
691.630434782609
691.956521739130
692.282608695652
692.608695652174
692.934782608696
693.260869565217
693.586956521739
693.913043478261
694.239130434783
694.565217391304
694.891304347826
695.217391304348
695.543478260870
695.869565217391
696.195652173913
696.521739130435
696.847826086957
697.173913043478
697.500000000000
697.826086956522
698.152173913043
698.478260869565
698.804347826087
699.130434782609
699.456521739130
699.782608695652
700.108695652174
700.434782608696
700.760869565217
701.086956521739
701.413043478261
701.739130434783
702.065217391304
702.391304347826
702.717391304348
703.043478260870
703.369565217391
703.695652173913
704.021739130435
704.347826086957
704.673913043478
705
705.326086956522
705.652173913043
705.978260869565
706.304347826087
706.630434782609
706.956521739130
707.282608695652
707.608695652174
707.934782608696
708.260869565217
708.586956521739
708.913043478261
709.239130434783
709.565217391304
709.891304347826
710.217391304348
710.543478260870
710.869565217391
711.195652173913
711.521739130435
711.847826086957
712.173913043478
712.500000000000
712.826086956522
713.152173913043
713.478260869565
713.804347826087
714.130434782609
714.456521739130
714.782608695652
715.108695652174
715.434782608696
715.760869565217
716.086956521739
716.413043478261
716.739130434783
717.065217391304
717.391304347826
717.717391304348
718.043478260870
718.369565217391
718.695652173913
719.021739130435
719.347826086957
719.673913043478
720
720.326086956522
720.652173913043
720.978260869565
721.304347826087
721.630434782609
721.956521739130
722.282608695652
722.608695652174
722.934782608696
723.260869565217
723.586956521739
723.913043478261
724.239130434783
724.565217391304
724.891304347826
725.217391304348
725.543478260870
725.869565217391
726.195652173913
726.521739130435
726.847826086957
727.173913043478
727.500000000000
727.826086956522
728.152173913043
728.478260869565
728.804347826087
729.130434782609
729.456521739130
729.782608695652
730.108695652174
730.434782608696
730.760869565217
731.086956521739
731.413043478261
731.739130434783
732.065217391304
732.391304347826
732.717391304348
733.043478260870
733.369565217391
733.695652173913
734.021739130435
734.347826086957
734.673913043478
735
735.326086956522
735.652173913043
735.978260869565
736.304347826087
736.630434782609
736.956521739130
737.282608695652
737.608695652174
737.934782608696
738.260869565217
738.586956521739
738.913043478261
739.239130434783
739.565217391304
739.891304347826
740.217391304348
740.543478260870
740.869565217391
741.195652173913
741.521739130435
741.847826086957
742.173913043478
742.500000000000
742.826086956522
743.152173913043
743.478260869565
743.804347826087
744.130434782609
744.456521739130
744.782608695652
745.108695652174
745.434782608696
745.760869565217
746.086956521739
746.413043478261
746.739130434783
747.065217391304
747.391304347826
747.717391304348
748.043478260870
748.369565217391
748.695652173913
749.021739130435
749.347826086957
749.673913043478
750
750.326086956522
750.652173913043
750.978260869565
751.304347826087
751.630434782609
751.956521739130
752.282608695652
752.608695652174
752.934782608696
753.260869565217
753.586956521739
753.913043478261
754.239130434783
754.565217391304
754.891304347826
755.217391304348
755.543478260870
755.869565217391
756.195652173913
756.521739130435
756.847826086957
757.173913043478
757.500000000000
757.826086956522
758.152173913043
758.478260869565
758.804347826087
759.130434782609
759.456521739130
759.782608695652
760.108695652174
760.434782608696
760.760869565217
761.086956521739
761.413043478261
761.739130434783
762.065217391304
762.391304347826
762.717391304348
763.043478260870
763.369565217391
763.695652173913
764.021739130435
764.347826086957
764.673913043478
765
765.326086956522
765.652173913043
765.978260869565
766.304347826087
766.630434782609
766.956521739130
767.282608695652
767.608695652174
767.934782608696
768.260869565217
768.586956521739
768.913043478261
769.239130434783
769.565217391304
769.891304347826
770.217391304348
770.543478260870
770.869565217391
771.195652173913
771.521739130435
771.847826086957
772.173913043478
772.500000000000
772.826086956522
773.152173913043
773.478260869565
773.804347826087
774.130434782609
774.456521739130
774.782608695652
775.108695652174
775.434782608696
775.760869565217
776.086956521739
776.413043478261
776.739130434783
777.065217391304
777.391304347826
777.717391304348
778.043478260870
778.369565217391
778.695652173913
779.021739130435
779.347826086957
779.673913043478
780
780.326086956522
780.652173913043
780.978260869565
781.304347826087
781.630434782609
781.956521739130
782.282608695652
782.608695652174
782.934782608696
783.260869565217
783.586956521739
783.913043478261
784.239130434783
784.565217391304
784.891304347826
785.217391304348
785.543478260870
785.869565217391
786.195652173913
786.521739130435
786.847826086957
787.173913043478
787.500000000000
787.826086956522
788.152173913043
788.478260869565
788.804347826087
789.130434782609
789.456521739130
789.782608695652
790.108695652174
790.434782608696
790.760869565217
791.086956521739
791.413043478261
791.739130434783
792.065217391304
792.391304347826
792.717391304348
793.043478260870
793.369565217391
793.695652173913
794.021739130435
794.347826086957
794.673913043478
795
795.326086956522
795.652173913043
795.978260869565
796.304347826087
796.630434782609
796.956521739130
797.282608695652
797.608695652174
797.934782608696
798.260869565217
798.586956521739
798.913043478261
799.239130434783
799.565217391304
799.891304347826
800.217391304348
800.543478260870
800.869565217391
801.195652173913
801.521739130435
801.847826086957
802.173913043478
802.500000000000
802.826086956522
803.152173913043
803.478260869565
803.804347826087
804.130434782609
804.456521739130
804.782608695652
805.108695652174
805.434782608696
805.760869565217
806.086956521739
806.413043478261
806.739130434783
807.065217391304
807.391304347826
807.717391304348
808.043478260870
808.369565217391
808.695652173913
809.021739130435
809.347826086957
809.673913043478
810
810.326086956522
810.652173913043
810.978260869565
811.304347826087
811.630434782609
811.956521739130
812.282608695652
812.608695652174
812.934782608696
813.260869565217
813.586956521739
813.913043478261
814.239130434783
814.565217391304
814.891304347826
815.217391304348
815.543478260870
815.869565217391
816.195652173913
816.521739130435
816.847826086957
817.173913043478
817.500000000000
817.826086956522
818.152173913043
818.478260869565
818.804347826087
819.130434782609
819.456521739130
819.782608695652
820.108695652174
820.434782608696
820.760869565217
821.086956521739
821.413043478261
821.739130434783
822.065217391304
822.391304347826
822.717391304348
823.043478260870
823.369565217391
823.695652173913
824.021739130435
824.347826086957
824.673913043478
825
825.326086956522
825.652173913043
825.978260869565
826.304347826087
826.630434782609
826.956521739130
827.282608695652
827.608695652174
827.934782608696
828.260869565217
828.586956521739
828.913043478261
829.239130434783
829.565217391304
829.891304347826
830.217391304348
830.543478260870
830.869565217391
831.195652173913
831.521739130435
831.847826086957
832.173913043478
832.500000000000
832.826086956522
833.152173913043
833.478260869565
833.804347826087
834.130434782609
834.456521739130
834.782608695652
835.108695652174
835.434782608696
835.760869565217
836.086956521739
836.413043478261
836.739130434783
837.065217391304
837.391304347826
837.717391304348
838.043478260870
838.369565217391
838.695652173913
839.021739130435
839.347826086957
839.673913043478
840
840.326086956522
840.652173913043
840.978260869565
841.304347826087
841.630434782609
841.956521739130
842.282608695652
842.608695652174
842.934782608696
843.260869565217
843.586956521739
843.913043478261
844.239130434783
844.565217391304
844.891304347826
845.217391304348
845.543478260870
845.869565217391
846.195652173913
846.521739130435
846.847826086957
847.173913043478
847.500000000000
847.826086956522
848.152173913043
848.478260869565
848.804347826087
849.130434782609
849.456521739130
849.782608695652
850.108695652174
850.434782608696
850.760869565217
851.086956521739
851.413043478261
851.739130434783
852.065217391304
852.391304347826
852.717391304348
853.043478260870
853.369565217391
853.695652173913
854.021739130435
854.347826086957
854.673913043478
855.000000000000
855.326086956522
855.652173913043
855.978260869565
856.304347826087
856.630434782609
856.956521739130
857.282608695652
857.608695652174
857.934782608696
858.260869565217
858.586956521739
858.913043478261
859.239130434783
859.565217391304
859.891304347826
860.217391304348
860.543478260870
860.869565217391
861.195652173913
861.521739130435
861.847826086957
862.173913043478
862.500000000000
862.826086956522
863.152173913043
863.478260869565
863.804347826087
864.130434782609
864.456521739130
864.782608695652
865.108695652174
865.434782608696
865.760869565217
866.086956521739
866.413043478261
866.739130434783
867.065217391304
867.391304347826
867.717391304348
868.043478260870
868.369565217391
868.695652173913
869.021739130435
869.347826086957
869.673913043478
870.000000000000
870.326086956522
870.652173913043
870.978260869565
871.304347826087
871.630434782609
871.956521739130
872.282608695652
872.608695652174
872.934782608696
873.260869565217
873.586956521739
873.913043478261
874.239130434783
874.565217391304
874.891304347826
875.217391304348
875.543478260870
875.869565217391
876.195652173913
876.521739130435
876.847826086957
877.173913043478
877.500000000000
877.826086956522
878.152173913043
878.478260869565
878.804347826087
879.130434782609
879.456521739130
879.782608695652
880.108695652174
880.434782608696
880.760869565217
881.086956521739
881.413043478261
881.739130434783
882.065217391304
882.391304347826
882.717391304348
883.043478260870
883.369565217391
883.695652173913
884.021739130435
884.347826086957
884.673913043478
885.000000000000
885.326086956522
885.652173913043
885.978260869565
886.304347826087
886.630434782609
886.956521739130
887.282608695652
887.608695652174
887.934782608696
888.260869565217
888.586956521739
888.913043478261
889.239130434783
889.565217391304
889.891304347826
890.217391304348
890.543478260870
890.869565217391
891.195652173913
891.521739130435
891.847826086957
892.173913043478
892.500000000000
892.826086956522
893.152173913043
893.478260869565
893.804347826087
894.130434782609
894.456521739130
894.782608695652
895.108695652174
895.434782608696
895.760869565217
896.086956521739
896.413043478261
896.739130434783
897.065217391304
897.391304347826
897.717391304348
898.043478260870
898.369565217391
898.695652173913
899.021739130435
899.347826086957
899.673913043478
900.000000000000
900.326086956522
900.652173913043
900.978260869565
901.304347826087
901.630434782609
901.956521739130
902.282608695652
902.608695652174
902.934782608696
903.260869565217
903.586956521739
903.913043478261
904.239130434783
904.565217391304
904.891304347826
905.217391304348
905.543478260870
905.869565217391
906.195652173913
906.521739130435
906.847826086957
907.173913043478
907.500000000000
907.826086956522
908.152173913043
908.478260869565
908.804347826087
909.130434782609
909.456521739130
909.782608695652
910.108695652174
910.434782608696
910.760869565217
911.086956521739
911.413043478261
911.739130434783
912.065217391304
912.391304347826
912.717391304348
913.043478260870
913.369565217391
913.695652173913
914.021739130435
914.347826086957
914.673913043478
915.000000000000
915.326086956522
915.652173913043
915.978260869565
916.304347826087
916.630434782609
916.956521739130
917.282608695652
917.608695652174
917.934782608696
918.260869565217
918.586956521739
918.913043478261
919.239130434783
919.565217391304
919.891304347826
920.217391304348
920.543478260870
920.869565217391
921.195652173913
921.521739130435
921.847826086957
922.173913043478
922.500000000000
922.826086956522
923.152173913043
923.478260869565
923.804347826087
924.130434782609
924.456521739130
924.782608695652
925.108695652174
925.434782608696
925.760869565217
926.086956521739
926.413043478261
926.739130434783
927.065217391304
927.391304347826
927.717391304348
928.043478260870
928.369565217391
928.695652173913
929.021739130435
929.347826086957
929.673913043478
930.000000000000
930.326086956522
930.652173913043
930.978260869565
931.304347826087
931.630434782609
931.956521739130
932.282608695652
932.608695652174
932.934782608696
933.260869565217
933.586956521739
933.913043478261
934.239130434783
934.565217391304
934.891304347826
935.217391304348
935.543478260870
935.869565217391
936.195652173913
936.521739130435
936.847826086957
937.173913043478
937.500000000000
937.826086956522
938.152173913043
938.478260869565
938.804347826087
939.130434782609
939.456521739130
939.782608695652
940.108695652174
940.434782608696
940.760869565217
941.086956521739
941.413043478261
941.739130434783
942.065217391304
942.391304347826
942.717391304348
943.043478260870
943.369565217391
943.695652173913
944.021739130435
944.347826086957
944.673913043478
945.000000000000
945.326086956522
945.652173913043
945.978260869565
946.304347826087
946.630434782609
946.956521739130
947.282608695652
947.608695652174
947.934782608696
948.260869565217
948.586956521739
948.913043478261
949.239130434783
949.565217391304
949.891304347826
950.217391304348
950.543478260870
950.869565217391
951.195652173913
951.521739130435
951.847826086957
952.173913043478
952.500000000000
952.826086956522
953.152173913043
953.478260869565
953.804347826087
954.130434782609
954.456521739130
954.782608695652
955.108695652174
955.434782608696
955.760869565217
956.086956521739
956.413043478261
956.739130434783
957.065217391304
957.391304347826
957.717391304348
958.043478260870
958.369565217391
958.695652173913
959.021739130435
959.347826086957
959.673913043478
960.000000000000
960.326086956522
960.652173913043
960.978260869565
961.304347826087
961.630434782609
961.956521739130
962.282608695652
962.608695652174
962.934782608696
963.260869565217
963.586956521739
963.913043478261
964.239130434783
964.565217391304
964.891304347826
965.217391304348
965.543478260870
965.869565217391
966.195652173913
966.521739130435
966.847826086957
967.173913043478
967.500000000000
967.826086956522
968.152173913043
968.478260869565
968.804347826087
969.130434782609
969.456521739130
969.782608695652
970.108695652174
970.434782608696
970.760869565217
971.086956521739
971.413043478261
971.739130434783
972.065217391304
972.391304347826
972.717391304348
973.043478260870
973.369565217391
973.695652173913
974.021739130435
974.347826086957
974.673913043478
975.000000000000
975.326086956522
975.652173913043
975.978260869565
976.304347826087
976.630434782609
976.956521739130
977.282608695652
977.608695652174
977.934782608696
978.260869565217
978.586956521739
978.913043478261
979.239130434783
979.565217391304
979.891304347826
980.217391304348
980.543478260870
980.869565217391
981.195652173913
981.521739130435
981.847826086957
982.173913043478
982.500000000000
982.826086956522
983.152173913043
983.478260869565
983.804347826087
984.130434782609
984.456521739130
984.782608695652
985.108695652174
985.434782608696
985.760869565217
986.086956521739
986.413043478261
986.739130434783
987.065217391304
987.391304347826
987.717391304348
988.043478260870
988.369565217391
988.695652173913
989.021739130435
989.347826086957
989.673913043478
990.000000000000
990.326086956522
990.652173913043
990.978260869565
991.304347826087
991.630434782609
991.956521739130
992.282608695652
992.608695652174
992.934782608696
993.260869565217
993.586956521739
993.913043478261
994.239130434783
994.565217391304
994.891304347826
995.217391304348
995.543478260870
995.869565217391
996.195652173913
996.521739130435
996.847826086957
997.173913043478
997.500000000000
997.826086956522
998.152173913043
998.478260869565
998.804347826087
999.130434782609
999.456521739130
999.782608695652
1000.10869565217
1000.43478260870
1000.76086956522
1001.08695652174
1001.41304347826
1001.73913043478
1002.06521739130
1002.39130434783
1002.71739130435
1003.04347826087
1003.36956521739
1003.69565217391
1004.02173913043
1004.34782608696
1004.67391304348
1005.00000000000
1005.32608695652
1005.65217391304
1005.97826086957
1006.30434782609
1006.63043478261
1006.95652173913
1007.28260869565
1007.60869565217
1007.93478260870
1008.26086956522
1008.58695652174
1008.91304347826
1009.23913043478
1009.56521739130
1009.89130434783
1010.21739130435
1010.54347826087
1010.86956521739
1011.19565217391
1011.52173913043
1011.84782608696
1012.17391304348
1012.50000000000
1012.82608695652
1013.15217391304
1013.47826086957
1013.80434782609
1014.13043478261
1014.45652173913
1014.78260869565
1015.10869565217
1015.43478260870
1015.76086956522
1016.08695652174
1016.41304347826
1016.73913043478
1017.06521739130
1017.39130434783
1017.71739130435
1018.04347826087
1018.36956521739
1018.69565217391
1019.02173913043
1019.34782608696
1019.67391304348
1020.00000000000
1020.32608695652
1020.65217391304
1020.97826086957
1021.30434782609
1021.63043478261
1021.95652173913
1022.28260869565
1022.60869565217
1022.93478260870
1023.26086956522
1023.58695652174
1023.91304347826
1024.23913043478
1024.56521739130
1024.89130434783
1025.21739130435
1025.54347826087
1025.86956521739
1026.19565217391
1026.52173913043
1026.84782608696
1027.17391304348
1027.50000000000
1027.82608695652
1028.15217391304
1028.47826086957
1028.80434782609
1029.13043478261
1029.45652173913
1029.78260869565
1030.10869565217
1030.43478260870
1030.76086956522
1031.08695652174
1031.41304347826
1031.73913043478
1032.06521739130
1032.39130434783
1032.71739130435
1033.04347826087
1033.36956521739
1033.69565217391
1034.02173913043
1034.34782608696
1034.67391304348
1035
1035.32608695652
1035.65217391304
1035.97826086957
1036.30434782609
1036.63043478261
1036.95652173913
1037.28260869565
1037.60869565217
1037.93478260870
1038.26086956522
1038.58695652174
1038.91304347826
1039.23913043478
1039.56521739130
1039.89130434783
1040.21739130435
1040.54347826087
1040.86956521739
1041.19565217391
1041.52173913043
1041.84782608696
1042.17391304348
1042.50000000000
1042.82608695652
1043.15217391304
1043.47826086957
1043.80434782609
1044.13043478261
1044.45652173913
1044.78260869565
1045.10869565217
1045.43478260870
1045.76086956522
1046.08695652174
1046.41304347826
1046.73913043478
1047.06521739130
1047.39130434783
1047.71739130435
1048.04347826087
1048.36956521739
1048.69565217391
1049.02173913043
1049.34782608696
1049.67391304348
1050
1050.32608695652
1050.65217391304
1050.97826086957
1051.30434782609
1051.63043478261
1051.95652173913
1052.28260869565
1052.60869565217
1052.93478260870
1053.26086956522
1053.58695652174
1053.91304347826
1054.23913043478
1054.56521739130
1054.89130434783
1055.21739130435
1055.54347826087
1055.86956521739
1056.19565217391
1056.52173913043
1056.84782608696
1057.17391304348
1057.50000000000
1057.82608695652
1058.15217391304
1058.47826086957
1058.80434782609
1059.13043478261
1059.45652173913
1059.78260869565
1060.10869565217
1060.43478260870
1060.76086956522
1061.08695652174
1061.41304347826
1061.73913043478
1062.06521739130
1062.39130434783
1062.71739130435
1063.04347826087
1063.36956521739
1063.69565217391
1064.02173913043
1064.34782608696
1064.67391304348
1065
1065.32608695652
1065.65217391304
1065.97826086957
1066.30434782609
1066.63043478261
1066.95652173913
1067.28260869565
1067.60869565217
1067.93478260870
1068.26086956522
1068.58695652174
1068.91304347826
1069.23913043478
1069.56521739130
1069.89130434783
1070.21739130435
1070.54347826087
1070.86956521739
1071.19565217391
1071.52173913043
1071.84782608696
1072.17391304348
1072.50000000000
1072.82608695652
1073.15217391304
1073.47826086957
1073.80434782609
1074.13043478261
1074.45652173913
1074.78260869565
1075.10869565217
1075.43478260870
1075.76086956522
1076.08695652174
1076.41304347826
1076.73913043478
1077.06521739130
1077.39130434783
1077.71739130435
1078.04347826087
1078.36956521739
1078.69565217391
1079.02173913043
1079.34782608696
1079.67391304348