0 [-0.047604 -0.0989118 3.75712]  [-0.0707596 -0.113322 3.4646]
1 [-0.0707596 -0.113322 3.4646]  [-0.087247 -0.119482 3.16407]
2 [-0.087247 -0.119482 3.16407]  [-0.102884 -0.121164 2.78107]
3 [-0.102884 -0.121164 2.78107]  [-0.118502 -0.119633 2.42055]
4 [-0.118502 -0.119633 2.42055]  [-0.12965 -0.123624 2.0232]
5 [-0.12965 -0.123624 2.0232]  [-0.1324 -0.125654 1.70756]
6 [-0.1324 -0.125654 1.70756]  [-0.136259 -0.121208 1.3786]
7 [-0.136259 -0.121208 1.3786]  [-0.142074 -0.113422 1.03351]
8 [-0.142074 -0.113422 1.03351]  [-0.146162 -0.116499 0.67796]
9 [-0.146162 -0.116499 0.67796]  [-0.148239 -0.121427 0.321629]
10 [-0.148239 -0.121427 0.321629]  [-0.149786 -0.121946 -0.0356793]
11 [-0.149786 -0.121946 -0.0356793]  [-0.149937 -0.117202 -0.391623]
12 [-0.149937 -0.117202 -0.391623]  [-0.147095 -0.113169 -0.748211]
13 [-0.147095 -0.113169 -0.748211]  [-0.144364 -0.111769 -1.10434]
14 [-0.144364 -0.111769 -1.10434]  [-0.137513 -0.120985 -1.44622]
15 [-0.137513 -0.120985 -1.44622]  [-0.135211 -0.122892 -1.77588]
16 [-0.135211 -0.122892 -1.77588]  [-0.129472 -0.117217 -2.19244]
17 [-0.129472 -0.117217 -2.19244]  [-0.114651 -0.115804 -2.57994]
18 [-0.114651 -0.115804 -2.57994]  [-0.0995357 -0.11918 -2.92751]
19 [-0.0995357 -0.11918 -2.92751]  [-0.0812116 -0.113973 -3.28597]
20 [-0.0812116 -0.113973 -3.28597]  [-0.0566457 -0.0957565 -3.65343]
21 [-0.0566457 -0.0957565 -3.65343]  [-0.0395114 -0.088495 -3.80702]
22 [-0.102884 -0.121164 2.78107]  [5.20417e-18 -3.46945e-18 8.67362e-19]
23 [-0.107484 -0.1212 2.69424]  [5.20417e-18 -3.46945e-18 8.67362e-19]

Total degree of freedom : 2952
Total constraints : 4417