0.00000000000000e+000    5.95360824742268e+000
1.40238313473877e+000    5.92779961635499e+000
2.80476626947754e+000    5.87621778941102e+000
4.20714940421631e+000    5.87618235421962e+000
6.07699358386801e+000    5.95345469492663e+000
8.88175985334555e+000    6.03070341217270e+000
1.21539871677360e+001    6.13371351356459e+000
1.40238313473877e+001    6.28830544190046e+000
1.58936755270394e+001    6.44289737023633e+000
1.63611365719523e+001    6.70061751726875e+000
1.72960586617782e+001    7.11296502782844e+000
1.82309807516040e+001    7.39644655900668e+000
1.82309807516040e+001    7.65417851776957e+000
1.91659028414299e+001    7.93766004894781e+000
1.96333638863428e+001    8.35001937123796e+000
2.10357470210816e+001    8.65926228656203e+000
2.15032080659945e+001    8.94275562947074e+000
2.24381301558203e+001    9.14891757302012e+000
2.38405132905591e+001    9.35506770483903e+000
2.52428964252979e+001    9.43235185727650e+000
2.71127406049496e+001    9.40653141447835e+000
2.85151237396884e+001    9.20031041227664e+000
2.94500458295142e+001    8.81368885067138e+000
3.03849679193401e+001    8.45284048494241e+000
3.13198900091659e+001    7.98889933570828e+000
3.22548120989917e+001    7.62805096997931e+000
3.27222731439047e+001    7.26721441598080e+000
3.36571952337305e+001    6.88059285437554e+000
3.50595783684693e+001    6.54550587279239e+000
3.73968835930339e+001    6.36503444300604e+000
3.83318056828598e+001    6.18459844841109e+000
4.06691109074244e+001    5.82371464749072e+000
4.25389550870761e+001    5.66902822531112e+000
4.44087992667278e+001    5.79784695777070e+000
4.48762603116407e+001    6.05556710480312e+000
4.62786434463795e+001    6.54522239126121e+000
4.67461044912924e+001    7.11222088880909e+000
4.76810265811182e+001    7.44724881173991e+000
4.81484876260312e+001    7.88538132990636e+000
4.95508707607699e+001    8.29771702873558e+000
5.00183318056829e+001    8.65852995927315e+000
5.23556370302475e+001    9.04506883876515e+000
5.37580201649862e+001    9.27699216646035e+000
5.46929422548121e+001    9.35428813062829e+000
5.74977085242896e+001    9.19957808498776e+000
5.79651695692026e+001    8.86451472686554e+000
5.93675527039413e+001    8.29746898239580e+000
6.07699358386801e+001    7.47269127916316e+000
6.26397800183318e+001    6.82831413533408e+000
6.35747021081577e+001    6.39014618197624e+000
6.49770852428964e+001    6.15815198389825e+000
6.73143904674610e+001    6.08077333761706e+000
7.10540788267644e+001    6.05490564789704e+000
7.33913840513291e+001    6.05484658924471e+000
7.57286892758937e+001    5.95169474708723e+000
7.94683776351971e+001    5.87428066561464e+000
8.27406049495875e+001    5.87419798350138e+000
8.64802933088909e+001    6.02874266491538e+000
8.92850595783685e+001    5.95135220690372e+000
9.34922089825848e+001    5.84815311782437e+000
9.95692025664528e+001    6.00263874058605e+000
1.03308890925756e+002    6.13141022612377e+000
1.06581118240147e+002    6.20864713163937e+000
1.09385884509624e+002    6.33744224063802e+000
1.11255728689276e+002    6.46626097309760e+000
1.12658111824015e+002    6.72395749666909e+000
1.13593033913841e+002    7.23939779073393e+000
1.14060494958753e+002    7.75484989652924e+000
1.14995417048579e+002    8.34760977822295e+000
1.15930339138405e+002    8.81150368053521e+000
1.17332722273144e+002    9.40425175049845e+000
1.18267644362970e+002    9.68773328167670e+000
1.19670027497709e+002    9.79079062999046e+000
1.21539871677360e+002    9.89383616657375e+000
1.24344637946838e+002    9.86799210031466e+000
1.25747021081577e+002    9.73909068574182e+000
1.27149404216315e+002    9.45555009591125e+000
1.27616865261228e+002    9.17203312954161e+000
1.29019248395967e+002    8.75962656032959e+000
1.29019248395967e+002    8.45034820981413e+000
1.29954170485793e+002    8.11527303996145e+000
1.30889092575619e+002    7.78019787010876e+000
1.31824014665445e+002    7.13584434974061e+000
1.32758936755270e+002    6.62035680875391e+000
1.34628780934922e+002    6.10484564430627e+000
1.35563703024748e+002    6.05327562909276e+000
1.36498625114574e+002    6.15634478913699e+000
1.36966086159487e+002    6.51715771967456e+000
1.37901008249313e+002    7.00682481786312e+000
1.38368469294225e+002    7.62536970716358e+000
1.39303391384051e+002    8.11503680535213e+000
1.40705774518790e+002    8.55314570005764e+000
1.42575618698442e+002    8.96546958715640e+000
1.43978001833181e+002    9.19739291485160e+000
1.46782768102658e+002    9.40350761147911e+000
1.49587534372136e+002    9.32611715346745e+000
1.50522456461962e+002    9.11990796299621e+000
1.52392300641613e+002    8.70748958205373e+000
1.54262144821265e+002    7.90847326296692e+000
1.55197066911091e+002    7.47030530960908e+000
1.56599450045830e+002    7.03212554452077e+000
1.57534372135655e+002    6.82591635404953e+000
1.59404216315307e+002    6.92896189063283e+000
1.59871677360220e+002    7.23822842941782e+000
1.61274060494959e+002    8.03716206639137e+000
1.64078826764436e+002    8.73296748466837e+000
1.67351054078827e+002    9.06793634894687e+000
1.70623281393217e+002    9.22249284209134e+000
1.74362969752521e+002    9.19662515237132e+000
1.77635197066911e+002    9.09344968675291e+000
1.79037580201650e+002    8.86145548867491e+000
1.80439963336389e+002    8.37172933183403e+000
1.81842346471127e+002    7.67581760798284e+000
1.83712190650779e+002    7.05721366003005e+000
1.84179651695692e+002    6.72215030190783e+000
1.86049495875344e+002    6.33550511684164e+000
1.89789184234647e+002    5.94881268485358e+000
1.93061411549038e+002    5.74254443573001e+000
1.95866177818515e+002    5.56206119421320e+000
2.00073327222731e+002    5.43308890925756e+000
2.05215398716774e+002    5.43295898022244e+000
2.08955087076077e+002    5.32977170287356e+000
2.12694775435380e+002    5.48431638428756e+000
2.14097158570119e+002    5.56160053672503e+000
2.18771769019248e+002    5.63880200704924e+000
2.25783684692942e+002    5.81903720222627e+000
2.33263061411549e+002    5.92194099804398e+000
2.37937671860678e+002    6.07646205599705e+000
2.40742438130156e+002    6.15371077324312e+000
2.43547204399633e+002    6.30827907811806e+000
2.44949587534372e+002    6.61752199344213e+000
2.46351970669111e+002    7.13295047577650e+000
2.47286892758937e+002    7.51952479045990e+000
2.47754353803850e+002    7.85456452512119e+000
2.48221814848763e+002    8.62774858967938e+000
2.49624197983501e+002    9.29781624727149e+000
2.51026581118240e+002    9.73592514197700e+000
2.53363886342805e+002    9.99359804208756e+000
2.58038496791934e+002    1.00965727082881e+001
2.64582951420715e+002    9.78712899354607e+000
2.67855178735105e+002    9.45199476504106e+000
2.69725022914757e+002    8.93648360059342e+000
2.72997250229148e+002    7.77660710404717e+000
2.73932172318973e+002    7.23534636718418e+000
2.75334555453712e+002    7.13221814848763e+000
2.76736938588451e+002    7.62187343494571e+000
2.78139321723190e+002    8.21462150490895e+000
2.79074243813016e+002    8.67851540722122e+000
2.80944087992667e+002    8.98774651081482e+000
2.84216315307058e+002    9.19384939571187e+000
2.86086159486709e+002    9.24534854054258e+000
2.90760769935839e+002    9.14213763973277e+000
2.94967919340055e+002    9.01316535477714e+000
2.97305224564620e+002    9.01310629612481e+000
3.00577451879010e+002    8.85838443875381e+000
3.01979835013749e+002    8.47175106541809e+000
3.03849679193401e+002    7.87892031334159e+000
3.05719523373052e+002    7.10567719013106e+000
3.07589367552704e+002    7.26026911846693e+000
3.07589367552704e+002    7.51800107722982e+000
3.08524289642530e+002    7.95612178366579e+000
3.10394133822181e+002    8.31689927901197e+000
3.13666361136572e+002    8.72918773091933e+000
3.15536205316224e+002    8.96109924688407e+000
3.18808432630614e+002    9.03833615239967e+000
3.21613198900092e+002    8.67744053974883e+000
3.22548120989917e+002    8.29081897814357e+000
3.24417965169569e+002    7.77530781369594e+000
3.25820348304308e+002    7.05362289396846e+000
3.28157653528873e+002    6.38346074253262e+000
3.31897341888176e+002    6.02254150642086e+000
3.35637030247479e+002    5.76471505381424e+000
3.40311640696609e+002    5.71305054475701e+000
3.45453712190651e+002    5.71292061572189e+000
3.48258478460128e+002    5.84171572472053e+000
3.49660861594867e+002    6.27982461942604e+000
3.51998166819432e+002    7.13028102469124e+000
3.52465627864345e+002    7.69727952223913e+000
3.53400549954171e+002    8.49622497094314e+000
3.56205316223648e+002    9.06316440983870e+000
3.59477543538039e+002    9.50122605762235e+000
3.61814848762603e+002    9.52694019484631e+000
3.64619615032081e+002    9.37223014920578e+000
3.68359303391384e+002    9.29481606773319e+000
3.71164069660862e+002    9.21742560972153e+000
3.75371219065078e+002    9.13999971651847e+000
3.76306141154904e+002    8.83069774254207e+000
3.79110907424381e+002    8.03165779999433e+000
3.80980751604033e+002    7.38728065616525e+000
3.84252978918423e+002    6.66554848951591e+000
3.88460128322640e+002    6.20152465816852e+000
3.94537121906508e+002    5.84054636340442e+000
3.96874427131072e+002    5.91780689238096e+000
3.97809349220898e+002    6.22706161943549e+000
3.99211732355637e+002    6.94867566878018e+000
4.00614115490376e+002    7.59297013049600e+000
4.02016498625115e+002    8.31458417984068e+000
4.03886342804766e+002    8.93309363394975e+000
4.07626031164070e+002    9.39691666587922e+000
4.09963336388634e+002    9.52572358660833e+000
4.13235563703025e+002    9.31945533748476e+000
4.17910174152154e+002    9.01005886966464e+000
4.18845096241980e+002    8.46879813280165e+000
4.21649862511457e+002    7.59243860262504e+000
4.22584784601283e+002    7.05117786576205e+000
4.23987167736022e+002    6.84495686356034e+000
4.24922089825848e+002    7.23153117824374e+000
4.26324472960587e+002    7.64386687707296e+000
4.28661778185151e+002    8.33968410708042e+000
4.31466544454629e+002    8.70043797896567e+000
4.34271310724106e+002    8.82923308796432e+000
4.37543538038497e+002    8.80337720997477e+000
4.38945921173236e+002    8.44251703251533e+000
4.40815765352887e+002    7.61772751755223e+000
4.44087992667278e+002    6.79290256739773e+000
4.47360219981668e+002    6.14848998837726e+000
4.50164986251146e+002    5.91646035510786e+000
4.54372135655362e+002    5.71016848252336e+000
4.57644362969753e+002    5.71008580041010e+000
4.60916590284143e+002    5.68422992242055e+000
4.63721356553621e+002    5.89034461904807e+000
4.64656278643446e+002    6.19959934610260e+000
4.66526122823098e+002    6.74078921258280e+000
4.66993583868011e+002    7.51397327714099e+000
4.67928505957837e+002    8.26137233409243e+000
4.70265811182401e+002    8.82832358471846e+000
4.72603116406966e+002    9.16331607245788e+000
4.76342804766269e+002    9.26631436211931e+000
4.79147571035747e+002    9.16315070823136e+000
4.80549954170486e+002    8.87961011840079e+000
4.81952337305225e+002    8.20947159042588e+000
4.83354720439963e+002    7.38469388719325e+000
4.84289642529789e+002    7.15271150084572e+000
4.86626947754354e+002    7.69388955559545e+000
4.87094408799267e+002    8.08047568200932e+000
4.89899175068744e+002    8.59586872915230e+000
4.92703941338222e+002    8.90507620928497e+000
4.97378551787351e+002    9.00805087548546e+000
5.00183318056829e+002    8.85334082984494e+000
5.01585701191567e+002    8.33784147712777e+000
5.04857928505958e+002    7.46147013522069e+000
5.06727772685610e+002    6.81709299139161e+000
5.11402383134739e+002    6.22419136893231e+000
5.16544454628781e+002    5.91478308938173e+000
5.20284142988084e+002    5.70850302852769e+000
5.24023831347388e+002    5.91459410169428e+000
5.25426214482127e+002    6.24961021289463e+000
5.26361136571952e+002    6.81659689871205e+000
5.27763519706691e+002    7.56398414393302e+000
5.28698441796517e+002    8.15674402562673e+000
5.30568285976169e+002    8.67216069623064e+000
5.33840513290559e+002    9.08444914813800e+000
5.37580201649862e+002    9.21322063367572e+000
5.40852428964253e+002    9.13581836393359e+000
5.41787351054079e+002    8.90383597758606e+000
5.45994500458295e+002    8.85218328025929e+000
5.48331805682860e+002    8.74903143810181e+000
5.50669110907424e+002    8.31082804955257e+000
5.51604032997250e+002    7.87266009619473e+000
5.53006416131989e+002    7.15097517646725e+000
5.53473877176902e+002    6.79013862246875e+000
5.54876260311641e+002    6.53237122851446e+000
5.55811182401467e+002    6.40348162567209e+000
5.57213565536205e+002    6.58385856161471e+000
5.58148487626031e+002    7.09929885567955e+000
5.59550870760770e+002    7.74359331739537e+000
5.61888175985335e+002    8.31054456802139e+000
5.64225481209899e+002    8.59399066400824e+000
5.66562786434464e+002    8.77434397648993e+000
5.70302474793767e+002    8.82579587439878e+000
5.74042163153071e+002    8.82570138055506e+000
5.76379468377635e+002    8.59368355901613e+000
5.77781851512374e+002    8.23282338155669e+000
5.79184234647113e+002    7.79464361646839e+000
5.81521539871677e+002    7.15025466090884e+000
5.82923923006416e+002    6.86671407107827e+000
5.85261228230981e+002    6.55737666191048e+000
5.87598533455545e+002    6.78927636614475e+000
5.88065994500458e+002    7.09854290492974e+000
5.88533455545371e+002    7.63976820660134e+000
5.90403299725023e+002    8.12941168132896e+000
5.92740604949588e+002    8.46440416906838e+000
5.93675527039413e+002    8.72211250437034e+000
5.96480293308891e+002    8.85090761336899e+000
6.00219981668194e+002    8.85081311952526e+000
6.02089825847846e+002    8.67035350146938e+000
6.03959670027498e+002    8.41257429578463e+000
6.04894592117324e+002    8.00017953830308e+000
6.06296975252062e+002    7.51045338146220e+000
6.08166819431714e+002    6.89184943350941e+000
6.09101741521540e+002    6.68564024303817e+000
6.10971585701192e+002    7.09796413013692e+000
6.11906507791017e+002    7.53608483657290e+000
6.12841429880843e+002    7.87111275950372e+000
6.14711274060495e+002    8.25766345072618e+000
6.17048579285060e+002    8.51533635083674e+000
6.18918423464711e+002    8.66992827917261e+000
6.20788267644363e+002    8.69565422812704e+000
6.23593033913840e+002    8.66981016186795e+000
6.27332722273144e+002    8.66971566802423e+000
6.29202566452796e+002    8.61812202934979e+000
6.31539871677360e+002    8.12837224904797e+000
6.33409715857012e+002    7.58708788872405e+000
6.35279560036664e+002    7.02003033252384e+000
6.37616865261228e+002    6.60760013985089e+000
6.39954170485793e+002    6.29826273068310e+000
6.43226397800183e+002    6.06622128568324e+000
6.45563703024748e+002    5.91152305177318e+000
6.48835930339138e+002    5.83412078203105e+000
6.51640696608616e+002    5.98868908690599e+000
6.53510540788268e+002    6.29792019049959e+000
6.55380384967919e+002    6.65869768584577e+000
6.56315307057745e+002    7.01949880465288e+000
6.56782768102658e+002    7.35453853931416e+000
6.57717690192484e+002    7.92152522513158e+000
6.59120073327223e+002    8.41118051158967e+000
6.61457378551787e+002    8.77194619520538e+000
6.63794683776352e+002    8.92652631181079e+000
6.66599450045830e+002    9.08109461668572e+000
6.68469294225481e+002    9.05527417388757e+000
6.70806599450046e+002    8.90057593997751e+000
6.71274060494959e+002    8.64283216948416e+000
6.72676443629698e+002    8.25619879614843e+000
6.74078826764436e+002    7.74069944343126e+000
6.75013748854262e+002    7.35407788182600e+000
6.75948670944088e+002    7.04477590784960e+000
6.76883593033914e+002    6.96743269675981e+000
6.78285976168653e+002    7.27667561208387e+000
6.78753437213566e+002    7.63748854262145e+000
6.79688359303391e+002    8.04983605318114e+000
6.81090742438130e+002    8.25598618500005e+000
6.82493125572869e+002    8.48790951269525e+000
6.85297891842347e+002    8.66825101344647e+000
6.88102658111824e+002    8.74549973069255e+000
6.90907424381302e+002    8.74542886030975e+000
6.92309807516040e+002    8.56498105398433e+000
6.94179651695692e+002    8.28142865242329e+000
6.95582034830431e+002    7.89479527908757e+000
6.97451879010083e+002    7.35351091876364e+000
6.99321723189734e+002    6.83799975431601e+000
7.02126489459212e+002    6.42555774991259e+000
7.04931255728689e+002    6.09043533313805e+000
7.07736021998167e+002    5.83263250399237e+000
7.12878093492209e+002    5.67786339969951e+000
7.17552703941338e+002    5.49733291126083e+000
7.22694775435380e+002    5.60029576573086e+000
7.27836846929423e+002    5.67748542432461e+000
7.32978918423465e+002    5.80622147467093e+000
7.36718606782768e+002    5.85767337257978e+000
7.41393217231897e+002    5.90910164702770e+000
7.47937671860678e+002    5.96048267455375e+000
7.53547204399633e+002    5.98611412966445e+000
7.57754353803850e+002    5.93446143233768e+000
7.62428964252979e+002    5.96011651090931e+000
7.68973418881760e+002    6.06304393018795e+000
7.75050412465628e+002    6.11443676944447e+000
7.89541704857928e+002    6.24293658518148e+000
7.93281393217232e+002    6.21706889546146e+000
7.96086159486709e+002    6.21699802507867e+000
8.03098075160403e+002    6.24259404499797e+000
8.08707607699358e+002    6.24245230423238e+000
8.15252062328139e+002    6.24228694000586e+000
8.21796516956920e+002    6.37098755516078e+000
8.26003666361137e+002    6.34510805371030e+000
8.27873510540788e+002    6.24196802328328e+000
8.32548120989917e+002    6.26762310185491e+000
8.35820348304308e+002    6.37063320324681e+000
8.38625114573785e+002    6.70561387925577e+000
8.39092575618698e+002    7.42725155206138e+000
8.40962419798350e+002    7.78802904740756e+000
8.41429880843263e+002    8.30348115320287e+000
8.43299725022915e+002    8.84467101968307e+000
8.45169569202566e+002    9.10235573152409e+000
8.48441796516957e+002    9.17959263703970e+000
8.51246562786434e+002    9.10220217902804e+000
8.54986251145738e+002    9.05056129343173e+000
8.57791017415215e+002    8.99894403129636e+000
8.59193400549954e+002    8.84426942084723e+000
8.60595783684693e+002    8.45763604751150e+000
8.61530705774519e+002    8.12256087765882e+000
8.62465627864345e+002    7.86480529543500e+000
8.63868010999083e+002    7.68435748910958e+000
8.65737855178735e+002    7.99358859270319e+000
8.67140238313474e+002    8.35437789977983e+000
8.69945004582951e+002    8.53471940053106e+000
8.75554537121907e+002    8.63767044327062e+000
8.79294225481210e+002    8.63757594942689e+000
8.81631530705775e+002    8.37978493201168e+000
8.82566452795600e+002    8.04470976215900e+000
8.84436296975252e+002    7.63229138121651e+000
8.86306141154904e+002    7.24564619615032e+000
8.87708524289643e+002    7.03942519394861e+000
8.89110907424381e+002    6.93629697525206e+000
8.90980751604033e+002    7.09088890358793e+000
8.91915673693859e+002    7.34859723888989e+000
8.91915673693859e+002    7.60632919765277e+000
8.92850595783685e+002    7.94135712058359e+000
8.93318056828598e+002    8.22485046349230e+000
8.96590284142988e+002    8.45672654426564e+000
8.97992667277727e+002    8.58555708845569e+000
9.01264894592117e+002    8.61124760221872e+000
9.03134738771769e+002    8.48233437591541e+000
9.04537121906508e+002    8.25034017783741e+000
9.05939505041247e+002    7.81216041274911e+000
9.06406966086160e+002    7.45132385875060e+000
9.07809349220898e+002    7.09046368129116e+000
9.09679193400550e+002    6.98732365086415e+000
9.11549037580202e+002    7.11614238332373e+000
9.12483959670028e+002    7.39962391450197e+000
9.13418881759853e+002    7.83774462093795e+000
9.15288725939505e+002    8.19852211628412e+000
9.18560953253895e+002    8.37885180530489e+000
9.22300641613199e+002    8.48185009496631e+000
9.26040329972502e+002    8.45598240524630e+000
9.27442713107241e+002    8.24976140304459e+000
9.28845096241980e+002    8.01776720496660e+000
9.29780018331806e+002    7.73423842686649e+000
9.31182401466544e+002    7.32183185765447e+000
9.32584784601283e+002    6.96097168019504e+000
9.33987167736022e+002    6.72897748211704e+000
9.37259395050412e+002    6.41961644948832e+000
9.41934005499542e+002    6.41949833218366e+000
9.44271310724106e+002    6.34211968590246e+000
9.50348304307974e+002    6.23887334990125e+000
9.53620531622365e+002    6.23879066778799e+000
9.56425297891842e+002    6.36758577678664e+000
9.58762603116407e+002    6.80567104803122e+000
9.60164986251146e+002    7.21800674686044e+000
9.60632447296059e+002    7.73345885265575e+000
9.62034830430797e+002    8.22311413911384e+000
9.62034830430797e+002    8.53239248962930e+000
9.63904674610449e+002    8.66121122208888e+000
9.66709440879927e+002    8.79000633108753e+000
9.69514207149404e+002    8.89302824420989e+000
9.73253895508708e+002    8.84138735861359e+000
9.75591200733272e+002    8.68668912470353e+000
9.79798350137489e+002    8.58349003562418e+000
9.81668194317140e+002    8.40303041756830e+000
9.84472960586618e+002    7.88749562965973e+000
9.85407882676444e+002    7.60396685155962e+000
9.88212648945921e+002    7.11420525952734e+000
9.89615032080660e+002    6.85643786557306e+000
9.92887259395050e+002    6.62439642057320e+000
9.95224564619615e+002    6.57279097016829e+000
9.97561869844180e+002    6.59850510739225e+000
9.98964252978918e+002    6.75310884745859e+000
9.99899175068744e+002    7.08813677038941e+000
1.00036663611366e+003    7.50049609267956e+000
1.00176901924840e+003    7.86128539975621e+000
1.00317140238313e+003    8.37671388209058e+000
1.00550870760770e+003    8.58284039044856e+000
1.00737855178735e+003    8.73743231878443e+000
1.00924839596700e+003    8.73738507186257e+000
1.01111824014665e+003    8.66001823731184e+000
1.01252062328139e+003    8.42802403923384e+000
1.01392300641613e+003    8.01561747002183e+000
1.01532538955087e+003    7.57743770493352e+000
1.01719523373052e+003    7.21656571574362e+000
1.01859761686526e+003    6.98457151766562e+000
1.02186984417965e+003    6.77830326854205e+000
1.02467461044913e+003    6.67513961465411e+000
1.02701191567369e+003    6.82971973125951e+000
1.02794683776352e+003    6.93278889130373e+000
1.02841429880843e+003    7.24205543008873e+000
1.02888175985335e+003    7.68018794825517e+000
1.02981668194317e+003    8.11830865469115e+000
1.03075160403300e+003    8.32447059824052e+000
1.03355637030247e+003    8.50481209899175e+000
1.03682859761687e+003    8.63359539625993e+000
1.04056828597617e+003    8.68504729416878e+000
1.04524289642530e+003    8.53029000160640e+000
1.04804766269478e+003    8.32403356421329e+000
1.04991750687443e+003    8.06625435852854e+000
1.05085242896425e+003    7.83427197218101e+000
1.05272227314390e+003    7.52494637474368e+000
1.05459211732356e+003    7.13830118967749e+000
1.05739688359303e+003    6.90627155640810e+000
1.05973418881760e+003    6.72580012662175e+000
1.06300641613199e+003    6.62262466100334e+000
1.06861594867094e+003    6.59670972436146e+000
1.07235563703025e+003    6.67393481814660e+000
1.07796516956920e+003    6.72533946913359e+000