-0.080620
-0.074593
0.022032
0.022032
-0.017174
-0.055962
-0.055962
-0.045709
-0.064428
-0.072575
-0.046820
-0.034368
-0.034368
-0.029772
-0.027130
-0.023020
-0.038887
-0.010831
-0.065437
-0.080620
-0.080620
-0.074593
0.022032
0.022032
-0.017174
-0.055962
-0.055962
-0.045709
-0.064428
-0.072575
-0.046820
-0.034368
-0.034368
-0.029772
-0.027130
-0.023020
-0.038887
-0.010831
-0.065437
-0.080620
-0.080620
-0.074593
0.022032
0.022032
-0.017174
-0.055962
-0.055962
-0.045709
-0.064428
-0.072575
-0.046820
-0.034368
-0.034368
-0.029772
-0.027130
-0.023020
-0.038887
-0.010831
-0.065437
-0.080620
-0.080620
-0.074593
0.022032
0.022032
-0.017174
-0.055962
-0.055962
-0.045709
-0.064428
-0.072575
-0.046820
-0.034368
-0.034368
-0.029772
-0.027130
-0.023020
-0.038887
-0.010831
-0.065437
-0.080620
-0.080620
-0.074593
0.022032
0.022032
-0.017174
-0.055962
-0.055962
-0.045709
-0.064428
-0.072575
-0.046820
-0.034368
-0.034368
-0.029772
-0.027130
-0.023020
-0.038887
-0.010831
-0.065437
-0.080620
-0.080620
-0.074593
0.022032
0.022032
-0.017174
-0.055962
-0.055962
-0.045709
-0.064428
-0.072575
-0.046820
-0.034368
-0.034368
-0.029772
-0.027130
-0.023020
-0.038887
-0.010831
-0.065437
-0.080620
-0.080620
-0.074593
0.022032
0.022032
-0.017174
-0.055962
-0.055962
-0.045709
-0.064428
-0.072575
-0.046820
-0.034368
-0.034368
-0.029772
-0.027130
-0.023020
-0.038887
-0.010831
-0.065437
-0.080620
-0.080620
-0.074593
0.022032
0.022032
-0.017174
-0.055962
-0.055962
-0.045709
-0.064428
-0.072575
-0.046820
-0.034368
-0.034368
-0.029772
-0.027130
-0.023020
-0.038887
-0.010831
-0.065437
-0.080620
-0.080620
-0.074593
0.022032
0.022032
-0.017174
-0.055962
-0.055962
-0.045709
-0.064428
-0.072575
-0.046820
-0.034368
-0.034368
-0.029772
-0.027130
-0.023020
-0.038887
-0.010831
-0.065437
-0.080620
-0.080620
-0.074593
0.022032
0.022032
-0.017174
-0.055962
-0.055962
-0.045709
-0.064428
-0.072575
-0.046820
-0.034368
-0.034368
-0.029772
-0.027130
-0.023020
-0.038887
-0.010831
-0.065437
-0.080620
-0.080620
-0.074593
0.022032
0.022032
-0.017174
-0.055962
-0.055962
-0.045709
-0.064428
-0.072575
-0.046820
-0.034368
-0.034368
-0.029772
-0.027130
-0.023020
-0.038887
-0.010831
-0.065437
-0.080620
-0.080620
-0.074593
0.022032
0.022032
-0.017174
-0.055962
-0.055962
-0.045709
-0.064428
-0.072575
-0.046820
-0.034368
-0.034368
-0.029772
-0.027130
-0.023020
-0.038887
-0.010831
0.020000
-0.080000
-0.078763
-0.080000
-0.075068
-0.071649
-0.067194
-0.067453
-0.066298
-0.061865
-0.061672
-0.057869
0.020000
0.005852
0.020000
0.001676
0.020000
0.016616
-0.049027
0.020000
0.011379
0.009085
0.020000
-0.006741
-0.079743
-0.039001
-0.080000
-0.080000
-0.080000
-0.040522
-0.020572
-0.010092
-0.008210
-0.010661
0.001717
-0.002609
-0.015752
-0.020011
-0.017150
-0.009733
-0.034780
-0.024404
-0.017825
-0.019552
-0.022478
-0.035427
-0.012849
0.020000
0.020000
0.020000
0.020000
-0.005470
-0.080000
-0.077471
-0.045854
-0.080000
-0.046487
-0.070849
-0.068291
-0.065773
-0.060932
-0.062766
-0.057623
-0.035427
-0.039266
-0.041857
-0.033576
-0.056558
0.020000
0.020000
0.020000
-0.059403
0.020000
-0.011073
0.017800
-0.036889
-0.040193
0.007722
-0.008430
-0.072125
-0.080000
-0.067986
-0.034917
-0.012697
-0.022297
-0.030862
-0.024461
-0.015112
-0.027695
-0.022949
-0.013174
-0.018565
-0.027519
-0.067045
-0.059452
-0.072703
-0.080000
-0.080000
-0.074110
-0.042755
-0.016095
-0.003945
0.002052
-0.013030
-0.001039
0.020000
0.020000
0.020000
0.020000
-0.010636
-0.036217
-0.026731
0.020000
0.016101
-0.050461
-0.080000
-0.053438
-0.080000
-0.067935
-0.080000
-0.076147
-0.070970
-0.061988
-0.058919
-0.059803
-0.041889
0.020000
0.020000
0.020000
-0.016075
-0.027213
-0.042828
-0.080000
-0.044048
0.020000
0.012117
0.020000
0.019289
-0.022657
-0.053296
-0.072595
-0.026108
-0.030614
-0.021196
-0.010142
-0.031318
-0.048759
-0.048437
-0.031085
-0.002295
0.006962
0.006193
-0.058489
-0.048998
-0.058843
-0.028045
-0.041874
-0.041790
-0.080620
-0.074593
0.022032
0.022032
-0.017174
-0.055962
-0.055962
-0.045709
-0.064428
-0.072575
-0.046820
-0.034368
-0.034368
-0.029772
-0.027130
-0.023020
-0.038887
-0.010831
-0.065437
-0.080620
-0.080620
-0.074593
0.022032
0.022032
-0.017174
-0.055962
-0.055962
-0.045709
-0.064428
-0.072575
-0.046820
-0.034368
-0.034368
-0.029772
-0.027130
-0.023020
-0.038887
-0.010831
-0.065437
-0.080620
-0.080620
-0.074593
0.022032
0.022032
-0.017174
-0.055962
-0.055962
-0.045709
-0.064428
-0.072575
-0.046820
-0.034368
-0.034368
-0.029772
-0.027130
-0.023020
-0.038887
-0.010831
-0.065437
-0.080620
-0.080620
-0.074593
0.022032
0.022032
-0.017174
-0.055962
-0.055962
-0.045709
-0.064428
-0.072575
-0.046820
-0.034368
-0.034368
-0.029772
-0.027130
-0.023020
-0.038887
-0.010831
-0.065437
-0.080620
-0.080620
-0.074593
0.022032
0.022032
-0.017174
-0.055962
-0.055962
-0.045709
-0.064428
-0.072575
-0.046820
-0.034368
-0.034368
-0.029772
-0.027130
-0.023020
-0.038887
-0.010831
-0.065437
-0.080620
-0.080620
-0.074593
0.022032
0.022032
-0.017174
-0.055962
-0.055962
-0.045709
-0.064428
-0.072575
-0.046820
-0.034368
-0.034368
-0.029772
-0.027130
-0.023020
-0.038887
-0.010831
-0.065437
-0.080620
-0.080620
-0.074593
0.022032
0.022032
-0.017174
-0.055962
-0.055962
-0.045709
-0.064428
-0.072575
-0.046820
-0.034368
-0.034368
-0.029772
-0.027130
-0.023020
-0.038887
-0.010831
-0.065437
-0.080620
-0.080620
-0.074593
0.022032
0.022032
-0.017174
-0.055962
-0.055962
-0.045709
-0.064428
-0.072575
-0.046820
-0.034368
-0.034368
-0.029772
-0.027130
-0.023020
-0.038887
-0.010831
-0.065437
-0.080620
-0.080620
-0.074593
0.022032
0.022032
-0.017174
-0.055962
-0.055962
-0.045709
-0.064428
-0.072575
-0.046820
-0.034368
-0.034368
-0.029772
-0.027130
-0.023020
-0.038887
-0.010831
-0.065437
-0.080620
-0.080620
-0.074593
0.022032
0.022032
-0.017174
-0.055962
-0.055962
-0.080620
-0.074593
0.022032
0.022032
-0.017174
-0.055962
-0.055962
-0.045709
-0.064428
-0.072575
-0.046820
-0.034368
-0.034368
-0.029772
-0.027130
-0.023020
-0.038887
-0.010831
-0.065437
-0.080620
-0.080620
-0.074593
0.022032
0.022032
-0.017174
-0.055962
-0.055962
-0.045709
-0.064428
-0.072575
-0.046820
-0.034368
-0.034368
-0.029772
-0.027130
-0.023020
-0.038887
-0.010831
-0.065437
-0.080620
-0.080620
-0.074593
0.022032
0.022032
-0.017174
-0.055962
-0.055962
-0.045709
-0.064428
-0.072575
-0.046820
-0.034368
-0.034368
-0.029772
-0.027130
-0.023020
-0.038887
-0.010831
-0.065437
-0.080620
-0.080620
-0.074593
0.022032
0.022032
-0.017174
-0.055962
-0.055962
-0.045709
-0.064428
-0.072575
-0.046820
-0.034368
-0.034368
-0.029772
-0.027130
-0.023020
-0.038887
-0.010831
-0.065437
-0.080620
-0.080620
-0.074593
0.022032
0.022032
-0.017174
-0.055962
-0.055962
-0.045709
-0.064428
-0.072575
-0.046820
-0.034368
-0.034368
-0.029772
-0.027130
-0.023020
-0.038887
-0.010831
-0.065437
-0.080620
-0.080620
-0.074593
0.022032
0.022032
-0.017174
-0.055962
